111111000100111100011010100001111116
111111000110111100011010110001111106
111111010100101110011110111100111114
111111010110100100011110111101111114
111111010010101100011100101101111114
101111000111111010111101110011110111
111111000110111100111110100001110115
110110000110110100011010111001111116
111111010110001000011000111101111114
111111110110101100011110111010111114
101101010111101100111010111101011114
111110101110011000111101111001111111
111111001100101100011110110101111015
111111010110100100011110111101010014
111111000111111100000010110101111116
111011000110110100011010110001111116
111111100110101100011110110001111115
110111010110101000011000111101111114
111111000010101110011110111101111114
111101100110111100011010110001011116
011111000110110100011110110001111115
111111101111011010111001001011111111
111111000110111100001010111101110016
111111101110011010111101111001111101
111111101100011010111101111011111111
101101000110111100011010110001111116
111101000110111100011110110001111116
111111011110111100011010110011111116
110110010110101100011110111111111114
111111101110110100111100110000111015