01000011100100001110011100111000000
00000111100000001110001100111000000
00000010100101101110000100001000100
00000010100101001110000100001000000
00000011100101001010010100111000000
00000110100101001100000100000000010
00000010100101000110001100001010000
00000010100101001110000110001000000
00000011100100001110010100111000000
00000011100100001110000100110000000
00000011110100101110000100111000000
00000011110010001110100100111000000
01000001000110010100001001010000000
00000001000110010100001010010000100
10000010100101001110000100001000001
00000011100101001110010100111000000
00000011100100001110010100111000000
00000000000110010100001000010000000
00000011100100001110100100111000000
00010001100100011110010100111000000
00000001000110010100101000010000000
00000011100100001110000100111000000
10000001000110010100001000010000000
00000000000010010101001001011100000
01000010100100001110000100001000000
00000101000110010100001001010000000
00000001000110010100001000010010000
00000011100100101110010100111000010
00000010100100011110000100111000000
00000001000110010100001000010000000
00000011100100001110010100111000000
00000010100101000110000100001000000
00000011100100001110001100111000000
00000011100101001110000100001000000
00000011100100001110000100111000000
00000011100100001110010101111000000
00000011101100001110000100111000000
01000010100101001110000100001000000
00000001100100001110010100111000000
00000001000110010100001000010000000